exang:1.402609212747624
ca:2.126026483526665
thal:1.8414406750694432
