sex:0.5961689495320971
trestbps:0.6659918734258427
chol:0.16348080130250728
restecg:0.6000469141953856
exang:1.2848037983983454
oldpeak:1.3889879750521177
slope:0.6683393272575854
ca:2.4326395103236527
thal:1.6802702674841048
