sex:0.5961689495320984
trestbps:0.6659918734258459
chol:0.16348080130250406
restecg:0.6000469141953851
exang:1.2848037983983436
oldpeak:1.3889879750521128
slope:0.6683393272575923
ca:2.432639510323651
thal:1.6802702674841037
